0:
1:
0 50
1 48
3 36
4 51
5 34
6 30
9 32
10 29
11 52
14 49
16 26
17 38
18 26
19 50
20 32
24 46
25 31
27 28
29 30
30 43
31 30
32 35
33 55
34 28
35 31
37 28
39 41
40 54
41 30
43 52
44 35
45 40
47 28
48 52
50 49
51 34
55 41
57 30
58 32
63 42
65 26
67 28
69 43
70 31
71 38
74 34
75 29
76 27
77 47
78 38
79 42
80 30
81 36
82 48
83 35
85 50
89 32
92 29
94 29
99 53
2:
0 47
1 49
3 35
4 52
5 33
6 30
9 30
10 29
14 51
16 29
17 40
18 27
19 52
20 30
24 49
25 36
27 28
29 32
30 46
31 29
32 33
34 32
35 31
37 34
39 43
40 52
41 30
44 35
45 41
47 28
51 39
55 38
57 30
58 35
63 45
65 33
67 27
69 46
70 37
71 41
74 34
75 28
76 34
77 52
78 45
79 43
80 35
81 32
83 31
85 51
89 35
92 32
94 31
3:
0 43
1 45
3 37
4 43
5 39
6 37
9 44
10 41
11 46
14 40
16 41
17 37
18 39
19 44
20 37
24 41
25 38
27 43
29 37
30 45
31 36
32 35
33 46
34 43
35 35
37 41
39 42
41 41
43 46
44 35
45 41
47 38
48 44
50 43
51 41
55 39
57 41
58 39
63 43
65 42
67 37
69 40
70 39
71 41
74 34
75 40
76 42
77 47
78 38
79 41
80 42
81 35
82 47
83 36
85 41
89 34
92 37
94 39
99 45
4:
0 50
1 40
2 56
3 44
4 52
5 37
6 42
9 47
10 49
11 47
14 47
16 43
17 43
18 45
19 40
20 43
24 42
25 42
26 57
27 46
28 57
29 42
30 41
31 46
32 43
33 46
34 43
35 43
37 42
39 50
40 45
41 42
43 44
44 45
45 43
46 49
47 47
48 51
50 45
51 40
52 52
55 47
57 45
58 45
60 50
62 55
63 40
65 46
66 52
67 50
69 42
70 43
71 47
72 54
74 45
75 41
76 42
77 43
78 35
79 35
80 44
81 42
82 47
83 44
85 42
86 54
88 46
89 38
92 41
94 40
95 53
98 53
99 52
5:
0 48
1 51
3 35
5 36
6 26
9 29
10 27
14 52
16 26
17 38
18 25
20 29
24 48
25 31
27 19
29 35
30 47
31 31
32 37
34 28
35 33
37 32
39 44
41 32
44 37
45 42
47 24
50 52
51 35
55 40
57 29
58 33
63 47
65 24
67 24
69 45
70 35
71 40
74 36
75 27
76 27
77 52
78 46
79 49
80 32
81 35
83 34
85 50
89 35
92 29
94 28
6:
7:
0 48
1 45
3 32
4 52
5 34
6 30
9 27
10 27
11 50
14 49
16 28
17 36
18 28
19 48
20 25
24 45
25 31
27 28
29 34
30 42
31 30
32 35
34 26
35 33
37 28
39 41
41 27
43 51
44 38
45 40
47 27
48 52
50 46
51 35
55 36
57 30
58 31
63 43
65 25
67 27
69 42
70 35
71 40
74 36
75 32
76 27
77 44
78 39
79 43
80 29
81 34
82 52
83 35
85 49
89 38
92 30
94 29
8:
9:
10:
5 29
6 31
9 35
10 32
17 35
18 33
20 32
25 34
27 32
29 35
31 28
32 34
34 32
35 35
37 32
41 30
47 34
57 32
65 34
67 35
70 29
71 34
75 35
76 32
80 27
81 35
89 35
92 34
94 30
11:
5 30
20 30
12:
13:
5 33
6 29
9 26
10 29
16 25
18 25
20 32
27 22
31 29
34 25
35 32
41 29
47 27
57 28
65 26
67 26
75 30
76 27
80 32
92 31
94 29
14:
0 53
1 45
3 37
4 55
5 32
6 31
9 29
10 32
11 55
14 53
16 25
17 31
18 26
19 53
20 30
24 47
25 31
27 28
29 36
30 42
31 30
32 34
34 27
35 29
37 30
39 43
40 55
41 28
43 52
44 37
45 38
47 24
48 53
50 49
51 37
55 38
57 25
58 36
63 44
65 27
67 25
69 43
70 32
71 41
74 34
75 32
76 28
77 50
78 42
79 47
80 29
81 32
83 36
85 53
89 32
92 31
94 28
15:
0 46
1 45
3 31
5 32
6 28
9 28
10 28
16 27
17 35
18 32
20 29
25 32
27 28
29 32
30 46
31 30
32 33
34 29
35 34
37 26
39 40
41 29
44 35
45 42
47 29
51 33
55 41
57 29
58 32
63 44
65 30
67 26
69 44
70 32
71 37
74 32
75 29
76 30
78 45
79 46
80 30
81 34
83 36
89 35
92 33
94 32
16:
69 47
17:
1 46
3 45
4 49
5 48
11 44
14 49
17 45
19 46
20 49
24 44
25 47
29 45
30 49
31 51
32 45
33 49
35 49
37 49
39 48
40 50
43 49
44 48
45 50
48 49
50 48
51 48
55 50
58 51
63 44
69 46
70 43
71 45
72 51
74 48
75 51
76 51
77 43
78 46
79 40
80 51
81 45
82 46
83 48
85 45
88 50
89 46
92 47
94 48
98 48
99 51
18:
3 35
5 29
6 29
9 23
10 30
16 25
17 34
18 31
20 31
24 40
25 34
27 26
29 34
31 30
32 33
34 27
35 32
37 33
39 42
41 32
44 37
45 42
47 27
51 35
55 37
57 28
58 36
65 27
67 28
70 32
71 36
74 31
75 27
76 27
78 41
80 32
81 34
83 39
89 35
92 33
94 30
19:
20:
1 44
3 29
5 32
6 29
9 31
10 31
16 31
17 33
18 27
20 30
24 43
25 32
27 30
29 31
30 45
31 33
32 37
34 30
35 31
37 33
39 39
41 31
44 34
45 44
47 29
50 44
51 37
55 37
57 33
58 32
63 39
65 30
67 28
69 43
70 35
71 34
74 34
75 31
76 29
78 40
79 44
80 30
81 36
83 33
85 44
89 33
92 30
94 30
21:
0 47
1 45
3 40
5 38
6 38
9 48
10 45
11 48
14 41
16 46
17 39
18 35
19 48
20 42
24 43
25 39
27 40
29 37
30 42
31 39
32 39
34 44
35 33
37 39
39 42
40 45
41 45
43 45
44 38
45 42
47 45
48 48
50 46
51 41
55 37
57 43
58 38
63 42
65 41
67 40
69 43
70 42
71 41
74 40
75 38
76 44
77 47
78 42
79 42
80 42
81 36
82 48
83 38
85 48
88 46
89 41
92 38
94 36
95 47
22:
1 44
23:
1 44
4 43
19 41
24 44
30 41
32 45
39 45
44 45
45 44
51 43
63 45
69 45
75 44
77 44
78 43
79 44
81 44
82 45
85 45
88 42
89 45
99 43
24:
99 53
25:
26:
0 46
1 48
3 34
4 50
5 31
6 27
9 29
10 28
11 47
14 49
16 30
17 35
18 30
19 47
20 27
24 42
25 29
27 25
29 33
30 44
31 30
32 33
34 29
35 30
37 32
39 44
41 28
43 52
44 34
45 43
47 28
48 46
50 49
51 37
55 39
57 26
58 36
63 43
65 30
67 24
69 45
70 32
71 41
74 29
75 28
76 31
77 49
78 40
79 48
80 30
81 33
82 51
83 35
85 44
89 37
92 30
94 31
27:
5 27
6 33
9 30
10 31
18 33
20 29
25 33
27 28
29 30
32 33
34 30
37 32
41 28
47 31
57 33
58 30
65 32
67 30
70 30
75 32
76 33
80 30
81 33
92 32
94 31
28:
99 46
29:
75 32
30:
31:
32:
33:
0 58
1 56
2 53
4 52
7 56
8 56
11 53
14 55
17 58
19 53
21 51
23 57
24 56
26 56
28 52
30 57
32 54
33 49
38 58
39 58
40 54
42 55
43 50
44 58
45 52
46 55
48 56
49 54
50 57
51 53
52 54
54 53
55 55
59 56
60 58
63 53
66 54
69 51
72 56
77 48
78 53
81 56
82 51
83 58
84 53
85 54
86 47
88 55
93 58
95 55
97 57
98 53
99 53
34:
0 45
1 43
3 37
4 47
5 36
6 33
9 36
10 38
11 46
14 44
16 35
17 33
18 35
19 45
20 35
21 60
23 60
24 44
25 36
26 58
27 36
29 32
30 40
31 35
32 34
33 47
34 36
35 33
37 34
39 36
40 51
41 36
42 54
43 45
44 37
45 39
46 52
47 36
48 43
49 58
50 37
51 31
52 55
55 34
57 37
58 31
60 59
63 39
65 32
67 33
69 38
70 34
71 38
72 60
74 35
75 35
76 35
77 43
78 41
79 41
80 39
81 34
82 51
83 34
85 44
86 56
88 50
89 37
92 35
94 37
95 49
98 55
99 49
35:
3 38
5 35
6 31
9 37
10 35
16 35
17 34
18 35
20 34
25 36
27 36
29 36
31 34
32 32
34 34
35 34
37 36
39 38
41 34
44 33
45 37
47 33
51 35
55 40
57 36
58 38
63 40
65 36
67 33
70 40
71 39
74 36
75 33
76 38
78 38
80 37
81 35
83 35
89 37
92 37
94 35
36:
0 51
1 51
3 51
4 47
11 49
14 52
17 49
19 48
24 50
25 50
28 52
29 52
30 49
33 46
39 46
40 51
43 45
44 52
45 51
48 47
50 51
51 49
55 49
63 44
69 49
71 51
77 49
78 45
79 46
82 50
83 50
89 51
37:
2 55
4 55
8 54
14 54
19 54
33 53
43 53
62 54
72 54
77 55
88 53
95 53
98 55
99 55
38:
39:
3 40
5 38
6 39
17 38
20 40
25 37
30 38
31 40
32 39
37 37
41 39
45 40
51 38
55 39
63 40
67 39
75 36
81 37
83 39
89 38
92 38
40:
0 43
1 44
3 37
4 44
5 40
6 40
9 45
10 44
11 45
14 40
16 44
17 36
18 41
19 46
20 40
24 40
25 38
27 41
29 40
30 42
31 40
32 31
34 43
35 39
37 41
39 43
40 47
41 44
43 44
44 38
45 37
47 40
48 44
50 41
51 44
55 39
57 41
58 37
63 43
65 42
67 39
69 40
70 34
71 40
74 36
75 36
76 43
77 41
78 44
79 47
80 44
81 36
82 43
83 41
85 42
88 47
89 36
92 39
94 41
41:
0 45
1 43
3 36
4 50
5 35
6 33
9 39
10 36
11 49
14 46
16 39
17 39
18 32
19 47
20 33
24 46
25 37
27 36
29 35
30 43
31 31
32 35
33 50
34 37
35 35
37 34
39 38
40 48
41 36
43 47
44 35
45 44
47 36
48 46
50 43
51 35
55 40
57 38
58 34
63 46
65 39
67 34
69 37
70 36
71 37
74 41
75 33
76 38
77 47
78 41
79 42
80 34
81 36
83 34
85 45
88 49
89 39
92 34
94 35
95 51
99 50
42:
3 31
5 33
6 28
9 24
10 23
16 26
17 33
18 29
20 27
25 31
27 27
29 32
31 31
32 37
34 25
35 33
37 32
41 23
44 33
45 43
47 26
51 33
55 41
57 27
58 36
65 26
67 27
70 35
71 42
74 31
75 26
76 28
78 41
80 30
81 36
83 37
89 33
92 31
94 30
43:
44:
45:
0 44
1 44
3 36
5 33
6 29
9 30
10 30
14 45
16 31
17 35
18 30
20 30
24 40
25 30
27 25
29 31
30 43
31 28
32 36
34 32
35 34
37 30
39 43
41 30
44 35
45 38
47 31
50 44
51 32
55 38
57 33
58 34
63 44
65 29
67 29
69 40
70 36
71 40
74 35
75 31
76 28
78 39
79 45
80 33
81 29
83 34
89 37
92 23
94 29
46:
47:
3 39
5 30
6 28
9 23
10 25
16 20
17 38
18 30
20 28
24 47
25 33
27 25
29 35
30 47
31 30
32 34
34 24
35 36
37 35
39 49
41 26
44 37
45 44
47 27
51 40
55 44
57 25
58 38
63 47
65 27
67 26
69 45
70 34
71 44
74 34
75 28
76 27
78 42
79 49
80 32
81 37
83 38
89 38
92 31
94 29
48:
49:
0 43
1 42
2 55
3 43
4 46
5 37
6 40
9 44
10 39
11 50
14 42
16 44
17 41
18 41
19 44
20 40
24 43
25 38
27 42
29 35
30 42
31 40
32 40
33 50
34 42
35 38
37 40
39 42
40 50
41 43
42 54
43 44
44 42
45 44
46 52
47 40
48 48
50 45
51 39
52 53
55 36
57 41
58 36
63 41
65 41
67 41
69 44
70 38
71 39
72 55
74 37
75 38
76 45
77 46
78 45
79 49
80 42
81 39
82 44
83 38
85 41
86 54
88 53
89 42
92 42
94 38
95 50
98 54
99 49
50:
51:
0 45
1 41
3 34
4 50
5 31
6 31
9 33
10 33
11 50
14 41
16 35
17 33
18 32
19 46
20 31
24 37
25 32
27 30
29 36
30 43
31 33
32 33
34 33
35 34
37 29
39 41
40 47
41 32
43 46
44 36
45 38
47 32
48 47
50 45
51 37
55 38
57 31
58 32
63 41
65 34
67 31
69 44
70 31
71 36
74 28
75 31
76 33
77 45
78 42
79 43
80 32
81 35
82 46
83 37
85 46
89 33
92 37
94 32
95 51
99 50
52:
0 58
1 54
4 55
7 56
11 49
14 57
17 58
19 51
21 54
24 54
26 58
28 50
30 52
33 51
39 55
40 51
42 54
43 56
46 57
48 55
49 54
50 55
52 53
56 58
60 57
63 52
66 58
69 52
71 55
72 56
77 54
78 57
79 57
81 57
82 54
83 56
85 51
86 53
88 56
89 58
95 54
97 55
98 56
99 54
53:
0 49
1 49
3 35
4 54
5 31
6 31
9 24
10 22
11 56
14 54
16 27
17 35
18 28
19 49
20 28
24 48
25 34
27 30
29 30
30 47
31 27
32 33
33 57
34 23
35 34
37 34
39 45
40 58
41 28
43 53
44 33
45 45
47 27
48 47
50 46
51 35
55 39
57 27
58 38
63 43
65 26
67 27
69 48
70 34
71 41
74 32
75 28
76 27
77 50
78 43
79 48
80 28
81 33
82 52
83 39
85 52
89 40
92 29
94 29
99 58
54:
5 34
6 35
17 35
31 35
35 33
55:
3 33
5 31
6 28
9 29
10 27
16 29
17 35
18 25
20 25
25 30
27 28
29 34
31 29
32 36
34 30
35 34
37 33
41 30
44 34
47 27
51 34
55 39
57 26
58 34
65 32
67 28
70 33
71 39
74 31
75 32
76 29
80 28
81 31
83 36
89 39
92 33
94 27
56:
57:
58:
44 35
51 35
59:
60:
0 48
1 45
3 42
4 45
5 43
6 41
9 48
10 47
11 49
14 45
16 47
17 41
18 45
19 40
20 43
21 54
24 45
25 41
27 49
28 53
29 39
30 44
31 42
32 41
33 47
34 47
35 45
37 42
39 39
40 46
41 44
42 54
43 43
44 38
45 45
46 46
47 45
48 46
49 51
50 46
51 39
52 44
55 43
57 48
58 42
63 45
65 42
67 47
69 45
70 46
71 45
74 48
75 42
76 48
77 42
78 43
79 42
80 44
81 41
82 48
83 42
85 44
86 51
88 50
89 43
92 43
94 43
95 48
99 49
61:
3 31
5 32
6 29
9 29
10 31
14 44
16 32
17 33
18 32
20 31
25 30
27 34
29 36
30 43
31 39
32 39
34 30
35 34
37 30
39 43
41 27
44 38
45 39
47 33
50 44
51 36
55 41
57 34
58 36
63 40
65 31
67 32
69 43
70 37
71 42
74 34
75 32
76 34
77 43
78 41
79 44
80 34
81 31
83 37
89 33
92 34
94 30
62:
63:
0 45
1 44
3 36
4 46
5 32
6 31
9 34
10 35
11 47
14 46
16 35
17 34
18 34
19 44
20 32
24 42
25 32
27 34
29 36
30 41
31 34
32 35
34 35
35 35
37 35
39 40
40 49
41 31
43 47
44 36
45 39
47 33
48 46
50 47
51 36
55 37
57 34
58 34
63 40
65 33
67 32
69 43
70 33
71 37
74 33
75 34
76 35
77 45
78 40
79 44
80 38
81 33
82 45
83 33
85 47
89 35
92 35
94 34
64:
3 35
5 33
6 29
9 30
10 26
16 29
17 33
18 30
20 29
25 33
27 32
29 34
31 29
32 36
34 27
35 34
37 34
41 29
44 35
45 40
47 28
51 34
55 36
57 29
58 32
65 30
67 30
70 35
71 40
74 33
75 33
76 31
78 38
79 41
80 28
81 35
83 37
89 37
92 27
94 32
65:
0 51
1 49
2 47
3 51
4 52
5 51
11 49
14 48
17 51
19 48
24 50
25 50
28 53
29 52
30 49
32 53
33 45
35 53
37 53
39 50
40 46
43 50
44 52
45 48
46 52
48 50
49 53
50 52
51 52
55 53
58 52
63 46
69 51
70 52
72 52
74 51
77 53
78 48
79 45
81 52
82 50
83 51
85 46
88 52
89 47
95 50
97 51
98 52
66:
67:
0 49
1 43
2 52
3 44
4 45
5 48
6 48
9 53
10 52
11 46
14 48
16 54
17 46
18 49
19 47
20 49
23 56
24 44
25 46
26 57
27 52
28 55
29 46
30 48
31 50
32 48
33 50
34 52
35 48
37 44
39 44
40 49
41 49
42 53
43 44
44 46
45 43
46 54
47 51
48 45
49 55
50 50
51 45
52 51
55 41
57 53
58 44
60 51
62 56
63 41
65 51
67 52
69 41
70 49
71 43
72 50
74 49
75 48
76 51
77 44
78 43
79 48
80 52
81 49
82 46
83 43
85 44
86 55
88 50
89 44
92 48
94 50
95 50
98 53
99 46
68:
0 42
1 45
3 37
4 45
5 35
6 36
9 41
10 41
11 43
14 43
16 43
17 39
18 34
19 44
20 35
24 40
25 35
27 37
29 37
30 42
31 36
32 35
33 47
34 38
35 36
37 35
39 36
40 46
41 40
43 46
44 38
45 39
46 50
47 37
48 42
50 43
51 35
52 54
55 37
57 39
58 34
60 54
63 37
65 40
67 37
69 41
70 37
71 35
74 39
75 37
76 40
77 43
78 42
79 47
80 40
81 34
82 46
83 36
85 45
88 43
89 37
92 35
94 35
95 48
99 46
69:
0 47
1 50
3 50
4 54
7 49
11 51
14 51
17 51
19 49
21 53
23 54
24 44
26 52
30 50
32 51
33 54
39 49
40 52
43 49
44 51
45 53
48 52
50 51
52 48
55 53
60 54
62 50
63 50
69 50
71 51
77 52
79 52
81 54
82 51
83 54
85 47
88 49
95 44
98 54
99 47
70:
71:
72:
73:
0 57
1 49
2 54
3 50
4 47
5 55
7 58
11 47
14 49
17 51
19 51
21 55
23 58
24 53
25 55
26 56
28 54
29 58
30 53
32 53
33 47
35 56
37 55
39 53
40 46
42 52
43 51
44 55
45 53
46 57
48 47
49 55
50 53
51 55
55 53
58 50
60 52
62 49
63 50
69 50
70 57
71 55
72 55
77 50
78 48
79 53
81 54
82 53
83 52
85 51
86 55
88 52
89 52
92 58
94 58
95 52
97 58
98 55
99 51
74:
0 43
1 42
3 37
4 49
5 33
6 28
9 31
10 31
11 47
14 43
16 30
17 36
18 28
19 43
20 30
24 43
25 33
27 29
29 31
30 40
31 31
32 36
34 25
35 35
37 31
39 42
40 48
41 30
43 43
44 33
45 41
47 32
48 49
50 45
51 33
55 38
57 33
58 37
63 39
65 29
67 29
69 41
70 37
71 41
74 34
75 31
76 31
77 46
78 39
79 42
80 32
81 36
82 48
83 32
85 47
89 40
92 32
94 31
75:
76:
3 36
5 33
6 30
9 23
10 28
16 29
17 33
18 28
20 29
25 35
27 25
29 36
31 28
32 37
34 27
35 32
37 29
41 30
44 40
47 29
51 35
55 37
57 29
58 32
65 29
67 29
70 32
74 33
75 31
76 30
78 40
80 25
81 36
83 34
89 38
92 32
94 29
77:
0 50
1 48
3 35
4 52
5 36
6 29
9 27
10 28
11 56
14 51
16 29
17 38
18 29
19 53
20 35
24 47
25 35
27 29
29 37
30 51
31 32
32 35
33 55
34 30
35 34
37 37
39 42
40 56
41 31
43 53
44 35
45 43
46 56
47 26
48 50
50 44
51 35
55 42
57 30
58 36
63 49
65 24
67 27
69 42
70 34
71 43
74 34
75 30
76 29
77 49
78 42
79 48
80 30
81 37
82 53
83 37
85 49
89 40
92 36
94 33
99 57
78:
3 34
5 31
6 31
9 28
10 27
16 29
17 34
18 29
20 28
25 29
27 28
29 32
31 30
32 35
34 27
35 32
37 33
39 39
41 29
44 32
47 29
51 35
55 37
57 30
58 35
63 41
65 28
67 27
70 32
71 38
74 31
75 27
76 32
78 41
80 24
81 31
83 38
89 37
92 28
94 30
79:
80:
0 42
1 44
3 41
5 43
6 45
11 45
14 46
17 43
18 46
19 43
24 42
25 41
27 46
29 43
30 44
31 43
32 46
35 43
37 44
39 42
41 44
43 46
44 40
45 42
48 45
50 46
51 41
55 44
58 42
63 45
65 43
67 46
69 40
70 46
71 41
74 41
75 41
76 45
77 44
78 39
79 37
81 41
82 46
83 43
89 42
92 41
94 46
81:
0 49
1 49
2 56
3 52
4 47
5 54
6 55
7 52
8 57
11 51
14 48
17 53
18 58
19 47
21 56
23 51
24 48
25 55
26 55
29 49
30 53
31 55
32 53
33 47
35 56
37 58
38 58
39 52
40 50
42 55
43 50
44 47
45 50
46 54
48 50
49 50
50 48
51 52
52 54
54 58
55 51
58 50
60 53
62 57
63 52
66 57
69 48
70 55
71 51
72 58
74 54
75 54
77 51
78 53
79 53
81 50
82 50
83 56
84 58
85 46
86 58
88 55
89 51
91 58
92 53
93 56
94 55
95 47
97 54
98 50
99 50
82:
0 46
1 43
5 45
14 45
17 45
24 44
25 43
30 45
32 44
35 44
37 46
43 45
48 45
50 41
55 46
58 46
63 44
69 41
71 42
74 44
78 41
83 40
85 44
89 45
92 45
83:
10 30
18 29
20 31
25 31
27 28
29 31
31 29
34 29
35 30
37 28
47 30
57 31
58 31
67 31
75 29
80 28
94 31
84:
0 50
1 44
2 55
3 44
4 51
5 44
6 48
7 55
8 59
9 50
10 49
11 48
12 59
14 46
16 50
17 44
18 47
19 44
20 46
21 55
24 40
25 45
26 55
27 49
28 58
29 43
30 45
31 47
32 41
33 49
34 47
35 42
37 45
39 41
40 48
41 47
42 57
43 45
44 42
45 47
46 50
47 48
48 45
49 57
50 43
51 43
52 53
54 60
55 46
56 59
57 50
58 46
60 52
62 54
63 46
65 48
66 58
67 46
69 43
70 46
71 45
72 55
74 46
75 43
76 49
77 45
78 42
79 44
80 46
81 46
82 48
83 44
84 57
85 49
86 54
88 46
89 44
92 43
93 60
94 47
95 47
97 60
98 55
99 52
85:
0 45
1 46
3 47
4 43
17 48
18 46
24 44
25 45
29 44
30 44
31 45
32 45
33 46
35 47
39 44
40 47
44 45
45 44
51 44
55 45
58 48
63 48
69 47
70 48
71 43
75 47
77 42
78 45
79 45
81 47
82 46
83 46
88 48
89 43
92 48
94 48
99 46
86:
87:
17 38
18 38
24 38
25 36
29 35
31 33
32 38
35 37
37 36
44 38
57 38
65 38
71 38
75 38
78 38
80 37
81 36
94 38
88:
5 28
6 27
9 24
10 29
16 29
18 30
20 26
25 30
27 22
34 26
41 26
47 28
57 27
65 28
67 26
74 27
76 27
80 26
89:
3 33
90:
91:
92:
93:
0 46
1 41
3 29
4 48
5 33
6 31
9 30
10 28
11 49
14 49
16 28
17 33
18 31
19 49
20 33
24 42
25 32
27 29
29 35
30 44
31 30
32 39
33 52
34 30
35 31
37 32
39 41
40 47
41 28
43 46
44 34
45 40
47 28
48 42
50 48
51 37
55 40
57 31
58 32
63 39
65 31
67 31
69 45
70 35
71 37
74 36
75 32
76 32
77 45
78 40
79 39
80 27
81 35
82 49
83 36
85 49
88 53
89 37
92 37
94 27
99 52
94:
0 50
1 43
3 39
4 49
5 35
6 36
9 39
10 42
11 44
14 45
16 39
17 39
18 38
19 48
20 37
24 38
25 35
27 37
29 36
30 46
31 36
32 38
33 52
34 39
35 34
37 39
39 40
40 49
41 35
43 46
44 36
45 41
47 34
48 45
50 45
51 39
55 38
57 36
58 36
63 44
65 36
67 34
69 47
70 37
71 41
74 33
75 36
76 38
77 47
78 41
79 44
80 39
81 41
82 50
83 38
85 41
88 52
89 38
92 37
94 37
95 51
99 51
95:
33 48
43 50
66 51
72 52
82 52
96:
97:
3 36
5 31
6 31
9 26
10 26
16 26
17 37
18 28
20 33
24 42
25 31
27 30
29 35
31 29
32 33
34 26
35 33
37 35
41 32
44 31
47 27
51 36
55 42
57 28
58 38
65 30
67 27
70 31
71 41
74 33
75 33
76 27
78 40
80 29
81 36
83 37
89 38
92 29
94 28
98:
0 43
1 49
2 46
3 46
4 45
5 44
6 49
7 55
8 56
9 55
10 53
11 47
14 47
16 55
17 44
18 52
19 44
20 49
21 56
23 58
24 43
25 47
26 56
27 55
28 54
29 49
30 48
31 51
32 44
33 51
34 53
35 44
37 50
39 47
40 50
41 51
42 51
43 46
44 46
45 48
46 55
47 51
48 48
49 57
50 44
51 41
52 51
55 48
57 52
58 45
60 52
62 57
63 46
65 54
66 58
67 52
69 45
70 43
71 46
72 58
74 44
75 48
76 54
77 44
78 46
79 44
80 52
81 41
82 47
83 47
85 41
86 55
88 50
89 48
92 49
94 47
95 52
97 57
98 49
99 50
99:
