0:
1:
0 1
1 2
3 1
6 3
8 2
9 3
11 1
12 1
13 2
14 3
15 1
17 2
18 2
21 3
24 3
25 1
26 1
27 1
31 1
32 2
33 2
34 2
35 2
39 2
40 1
42 2
43 1
44 2
45 2
46 2
47 1
50 2
52 1
53 3
54 1
56 2
57 3
59 2
61 2
62 1
65 3
66 1
68 1
69 1
70 3
71 1
73 2
75 3
79 1
80 2
83 3
87 3
89 2
92 2
93 3
94 3
97 2
99 3
100 3
102 2
104 3
2:
3:
0 2
1 2
3 2
8 2
9 3
11 2
12 2
13 3
14 3
15 2
17 2
18 2
21 3
24 3
25 2
26 1
27 2
31 2
32 2
33 2
34 2
35 2
39 2
40 2
42 2
43 2
44 2
45 2
46 2
47 2
50 2
52 2
53 3
54 2
56 2
57 3
59 2
61 2
62 2
65 3
66 2
68 2
69 2
70 3
71 2
73 2
75 3
79 2
80 2
83 3
87 3
89 2
92 2
93 3
94 3
97 2
99 3
100 3
102 2
104 2
4:
0 1
1 2
3 1
5 4
6 4
7 4
8 2
9 3
10 4
11 1
12 1
13 3
14 3
15 1
17 2
18 2
19 4
20 4
21 3
23 4
24 3
25 1
26 1
27 1
28 4
31 1
32 2
33 2
34 2
35 2
38 4
39 2
40 1
41 4
42 2
43 1
44 2
45 2
46 2
47 1
48 4
49 4
50 2
52 1
53 3
54 1
56 2
57 3
59 2
61 2
62 1
63 4
65 3
66 1
68 1
69 1
70 3
71 1
73 2
75 3
76 4
77 4
79 1
80 2
83 3
84 4
87 3
88 4
89 2
92 2
93 3
94 3
96 4
97 1
99 3
100 3
101 4
102 2
104 3
